25719
25719
25719
25719
25719
25719
25719
25719
2203
10786
25719
8506
25719
25719
25719
25719
25719
8508
25719
25719
25719
6106
1389
25719
25719
25719
25719
25719
16677
25719
18353
25719
25719
1278
25719
25719
25719
10454
8506
16377
25719
25719
25719
25719
25719
25719
25719
8506
25719
25719
25719
25719
25719
25719
25719
25719
25719
25719
25719
25719
25719
10206
25719
25719
25719
10206
25719
25719
10206
25719
25719
25719
25719
25719
25719
25719
8506
25719
25719
25719
25719
25719
8602
25719
25719
10786
25719
25719
25719
8506
25719
25719
10314
25719
22189
25719
25719
25719
10206
25719
4003
25719
25719
25719
25719
15365
25719
8506
25719
25719
25719
25719
25719
25719
25719
25719
25719
25719
25719
25719
8506
25719
25719
25719
25719
25719
25719
25719
25719
1254
25719
8506
5504
25719
1254
25719
13484
25719
16677
25719
25719
25719
25719
25719
25719
25719
25719
25719
25719
25719
25719
25719
25719
25719
2203
25719
8506
25719
25719
25719
1254
16677
25719
22678
16677
10454
25719
1204
25719
25719
25719
8506
10206
25719
25719
25719
10206
25719
25719
25719
2203
8506
8506
25719
25719
8506
25719
2203
2203
25719
25719
25719
25719
25719
2203
25719
25719
25719
25719
25719
25719
25719
1254
25719
25719
19478
2203
25719
1389
25719
25719
25719
16377
1254
16677
1278
19478
25719
25719
8506
25719
25719
25719
25719
25719
25719
8602
25719
25719
8506
25719
8506
25719
25719
10206
25719
25719
25719
25719
25719
25719
25719
25719
25719
8506
25719
25719
25719
25719
2203
25719
25719
25719
25719
10206
25719
25719
25719
25719
25719
1389
4003
25719
2203
25719
25719
25719
25719
25719
10206
25719
15365
25719
25719
25719
25719
25719
25719
2026
25719
25719
8506
1254
1278
25719
10786
25719
25719
25719
25719
25719
25719
25719
25719
8508
8506
25719
10206
25719
8506
25719
25719
25719
1278
1278
25719
25719
25719
8506
13484
25719
25719
8506
25719
10206
10206
16677
7932
25719
25719
25719
25719
25719
25719
25719
16377
25719
22189
25719
25719
25719
25719
25719
25719
25719
25719
25719
25719
25719
13484
25719
25719
25719
25719
25719
25719
25719
25719
8506
25719
25719
25719
25719
10206
25719
22189
25719
25719
25719
25719
25719
25719
21117
25719
25719
25719
25719
25719
25719
16677
25719
25719
25719
25719
1254
25719
8506
25719
25719
25719
25719
10206
25719
25719
10206
25719
8506
16677
25719
25719
25719
16677
25719
8506
25719
25719
25719
25719
25719
1254
25719
25719
25719
25719
25719
4373
25719
25719
25719
25719
25719
1278
25719
10454
25719
8506
25719
25719
10206
25719
25719
25719
25719
25719
25719
8506
25719
25719
25719
25719
25719
25719
25719
2203
25719
3315
25719
25719
8506
13484
1966
25719
8506
10992
25719
25719
2203
25719
25719
25719
25719
5472
8506
25719
25719
8506
25719
25719
25719
25719
3315
25719
25719
25719
16377
25719
25719
25719
25719
8506
25719
280
25719
25719
8602
25719
25719
25719
25719
25719
25719
25719
25719
25719
25719
25719
16677
25719
25719
25719
25719
25719
25719
25719
16377
25719
25719
1278
25719
2203
25719
25719
25719
25719
25719
1254
25719
25719
25719
25719
25719
25719
25719
25719
25719
1278
2203
8584
25719
25719
25312
25719
25719
25719
25719
8506
1278
2203
25719
25719
25719
25719
25719
1278
25719
25719
25719
25719
25719
25719
25719
25719
10786
8506
25719
25719
25719
25719
25719
25719
8506
25719
10206
25719
25719
1254
8506
25719
25719
8684
25719
8506
25719
25719
25719
8506
25719
8506
25719
19478
16677
25719
25719
25719
13484
25719
25719
25719
25719
25719
25719
25719
25719
25719
10206
25719
25719
25719
25719
25719
8506
8602
13484
25719
25719
10206
25719
25719
16677
25719
16677
25719
25719
8506
25719
8506
25719
2203
25719
25719
25719
25719
6106
25719
25719
1278
5504
25719
25719
25719
25719
25719
25719
25719
25719
25719
25719
1204
25719
1254
25719
25719
25719
1254
25719
25719
8506
25719
8508
3315
1278
10206
8506
13484
8506
8506
25719
25719
25719
13484
25719
25719
8506
1278
25719
25719
4003
25719
1278
25719
25719
25719
13484
25719
16677
25719
25719
25719
25719
25719
25719
14867
25719
25719
25719
25719
25719
25719
16677
10206
25719
25719
25719
25719
10786
8814
25719
8506
25719
25719
25719
25719
25719
2203
25719
25719
1944
25719
2203
25719
2203
8684
25719
8506
8506
10206
25719
1278
25719
10206
25719
25719
25719
13484
25719
25719
25719
25719
25719
5136
8506
1254
25719
25719
8506
25719
25719
25719
25719
25719
10206
25719
25719
22678
25719
8506
25719
25719
8506
1278
25719
25719
10206
1278
25719
25719
25719
25719
10206
25719
8506
25719
25719
2203
8506
25719
25719
8506
25719
25719
25719
25719
1389
25719
25719
5504
25719
8672
25719
25719
25719
15365
25719
25719
1230
25719
25719
25719
8684
2026
25719
25719
25719
25719
25719
25719
25719
25719
1278
25719
10206
13484
10206
19478
25719
25719
25719
25719
25719
1246
25719
25719
25719
25719
25719
10206
10206
25719
25719
25719
5136
25719
25719
25719
25719
25719
25719
25719
25719
7932
25719
1254
25719
25719
25719
17657
25719
25719
8506
25719
25719
25719
25719
25719
25719
25719
25719
8506
8602
10206
25719
10206
22678
1944
25719
25719
25719
25719
1254
10206
10206
25719
25719
25719
25719
25719
25719
25719
25719
25719
8506
25719
25719
8506
25719
25719
25719
22478
8506
25719
25719
25719
8506
25719
25719
25719
10206
25719
25719
8508
16377
25719
25719
10206
25719
25719
1278
10786
2203
25719
16677
25719
25719
25719
25302
25719
1278
25719
10206
25719
25719
25719
25719
25719
25719
25719
25719
2203
8506
15365
25719
16677
25719
25719
25719
1204
8602
25719
25719
16677
25719
25719
16677
2203
25719
25719
25719
25719
2203
25719
8506
25719
2203
25719
25719
13484
1278
10206
5504
25719
25719
25719
25719
25719
8506
25719
25719
25719
25719
25719
1278
1278
10206
25719
25719
16377
25719
10786
19478
16677
16677
7932
8506
1340
13484
1254
25719
25719
8506
1254
8506
25719
25719
8506
25719
25719
25719
25719
25719
25719
25719
25719
25719
25719
25719
25719
25719
25719
25719
25719
25719
25719
10206
25719
16377
25719
10206
10314
25719
8506
