6797
6037
571
16377
14240
6287
13728
6287
15124
4432
16377
15070
16954
15582
5317
17169
15582
6287
1905
8644
16377
11022
11812
14691
11064
3962
11521
11607
7416
16242
14103
11521
15582
10042
16384
15205
14240
15205
16139
16377
2452
14103
14550
6206
16377
16954
7511
16377
7057
11521
15124
6797
5582
11812
2913
16954
16377
14103
16242
16377
11812
15582
11443
2372
16377
8644
6037
6287
16384
15124
1905
14240
2372
5515
6287
12293
17324
11812
8782
11064
15070
12317
14240
2372
12232
5515
11283
15124
16128
11812
15124
15124
14313
15124
5317
4640
16377
6287
12232
4472
1905
16139
14550
11521
4306
1110
8782
11064
14313
17627
16265
8782
14313
16954
1798
16082
6287
872
14240
14050
11337
11443
12293
14454
12232
7617
12232
14313
11064
14103
15124
6287
15124
1962
11089
14691
10947
6287
3917
12232
1905
12317
11607
872
6029
15582
11607
2782
11064
1905
16265
7928
2862
11089
6037
15124
6287
15205
17627
14103
15844
886
12299
6287
8644
15582
13728
16377
5496
3962
16377
3962
16377
2452
15582
6029
15393
5496
11521
13255
1798
6134
5317
17324
6287
12034
7193
15582
886
11812
11283
886
10947
12293
14550
13728
8782
11064
14691
2112
15124
15124
11064
15124
11283
17157
6029
14454
17169
14313
6287
15124
15124
4996
10042
11337
15124
14313
1220
15070
6287
14240
1798
16377
15124
11064
11443
2372
15124
12293
14550
14454
6287
16377
13052
6287
6029
6287
16377
16242
12317
10947
3962
30
16377
6287
14454
6134
5317
15124
3962
1220
14313
6797
15124
15124
14538
11283
10947
11283
16377
12317
6974
3624
14103
8782
4996
6287
1962
14103
2372
11521
13728
14550
16384
14103
4306
15070
2372
16242
11064
13728
11607
16377
16242
14240
3446
14313
12317
1905
10947
14313
1905
15070
11443
16377
11314
3962
2372
1220
16954
6029
5496
16377
5085
5317
14691
11812
3938
8782
16954
16377
6287
11283
1798
15582
15124
17324
1905
6029
15582
5496
3962
11064
11812
15582
1905
11521
16377
3962
15124
11812
16377
2452
16377
10774
14240
14103
3624
11521
5085
17324
6287
16384
15393
2862
14313
14367
571
6287
1798
6287
11521
12155
886
3371
3938
11812
1905
14240
15124
14313
15124
6287
3938
11812
11064
14103
12293
17169
3079
16377
6287
14103
8782
6287
12299
886
4306
6287
6287
2372
16242
886
15070
8782
3938
11490
11064
17324
17324
15124
6029
15205
6287
11064
11089
16242
11607
11064
30
1905
2372
6287
16377
11040
1905
5582
11812
11283
14240
12293
9756
7624
3938
6287
1905
1798
12918
15124
6287
4577
15070
8782
14538
15922
1962
11521
571
14240
14103
2452
11607
5862
14313
6287
16377
3151
15582
14240
6037
11283
16954
2372
5991
6971
5317
12672
6287
2372
16377
14240
12293
15124
14313
758
14313
15582
14240
1110
6287
4306
12293
1905
14240
3938
3962
16377
12338
16384
5317
12911
2372
11607
12293
3624
11812
2452
16377
16954
5496
17169
14103
14149
11607
11521
3962
5496
3938
6287
6037
17169
3962
15582
15124
1905
17157
457
12299
15124
2372
9756
16922
11064
6971
5926
17157
2172
14367
11283
4996
11089
11521
2372
4306
7786
14358
16954
11064
14313
15070
6287
11283
16377
8782
15205
3624
14103
2372
15582
15124
16954
15582
16377
6287
8832
7745
14550
12299
6287
16377
17157
2372
15124
886
16954
1905
16384
3624
8782
8782
11521
6287
2372
1905
8782
5317
11064
6287
12293
11089
3962
30
1905
12293
12317
14313
14313
15124
12582
3624
16954
16377
8782
1905
14313
3962
14454
11607
14313
6974
6974
6287
6974
8644
12911
11064
14367
12293
11283
11064
11607
11521
6386
6029
15070
16954
5582
7745
16668
6287
15205
11521
14302
16242
17169
12293
15205
11283
5317
5317
16128
15124
11064
14302
3938
11521
9111
6287
16242
14103
8782
12918
6037
11521
11521
12293
14240
14550
12299
10947
6971
2372
11607
15124
14550
3962
12293
11812
10550
8782
16377
12582
2452
8832
886
14691
3962
13728
16384
11283
12317
5582
12293
14240
11064
2452
5496
11521
11607
11607
7233
12317
14103
7057
15070
15124
14367
8782
5926
11521
5807
15124
6134
16954
14313
1905
17169
6287
16242
16377
15070
6287
2372
6196
16377
17324
3624
11064
3962
12293
12317
15070
14358
15124
11607
14302
11812
14313
5926
5582
6037
30
11089
6287
2372
6037
15124
571
13081
15124
3962
14240
3638
6287
3371
6974
3938
11812
14313
16438
16377
15124
2452
14313
12074
16377
3925
12299
5496
11812
9340
15124
6287
571
16954
14358
16377
5496
15205
457
17560
17169
12317
16377
3962
6287
6859
8782
15124
16242
12317
12293
6287
14691
6287
14302
15124
17169
12672
14313
16377
16954
14313
5309
10947
6287
16377
6206
6037
7624
10947
17324
6287
14454
11812
11064
5327
3962
1962
6287
5496
6206
1470
4640
11089
6134
8644
16242
11521
6206
15124
11283
11283
14313
6287
5582
11607
11283
16272
11283
6029
14313
6287
16242
14240
14240
11607
1220
8832
6029
12232
9617
3962
6386
6287
15124
6287
11283
11521
15205
6287
5582
15124
11283
12911
14358
11283
4306
5496
15124
15124
886
14313
2372
6287
11521
16377
14313
14240
12299
1220
12317
8782
1962
14302
13728
6287
15582
1905
3962
11812
7193
1110
6287
16242
10947
15205
12582
16377
1798
11607
10774
11607
14367
16377
14313
1905
16377
11283
11040
16377
13614
3938
9254
3938
16242
14313
30
16377
16377
1220
14313
3938
6859
2452
571
6971
11283
16377
16242
6287
11859
15582
4996
17169
11521
6287
5317
1220
11607
11607
4432
1905
1798
6287
1798
5317
16793
15582
14302
571
14725
11022
886
17324
4640
1905
16377
17627
4432
11812
16377
7193
6029
14302
15070
6287
15070
5582
6287
6037
15582
14240
15124
3962
3962
12911
14302
2862
2186
5926
457
11521
11607
15070
6287
1905
14550
3371
12870
11521
6287
571
15070
2452
1905
16384
14550
14454
16377
6287
17169
6287
14550
12299
16139
11064
14240
11521
16377
2913
5317
1905
15582
3962
14313
11812
6287
16604
15205
16954
5309
4432
3962
12911
8764
9340
15124
5496
11064
17627
6287
7624
16377
12582
13081
7234
14660
3962
