1 61 87 2 8 54 29 5 71 26 82 
2 17 9 6 15 19 92 72 69 39 51 
3 0 8 25 63 67 34 19 92 2 75 
4 85 5 27 78 34 9 61 55 72 86 
5 81 59 18 6 1 37 51 83 68 62 
6 53 55 97 52 67 69 65 66 4 70 
7 11 19 22 32 34 40 26 34 75 59 
8 56 20 51 1 52 2 19 26 10 23 
9 33 40 40 48 61 61 42 4 97 97 
10 75 95 77 63 5 42 55 50 73 61 
11 22 80 56 55 52 18 85 69 66 6 
12 64 1 87 33 86 89 23 55 6 25 
13 13 9 68 45 59 26 40 19 89 69 
14 88 39 13 57 49 96 29 36 96 58 
15 85 26 81 0 43 30 64 87 96 27 
16 83 52 89 4 6 71 57 91 61 8 
17 65 3 71 27 93 96 11 2 21 97 
18 52 89 68 36 36 57 44 60 2 50 
19 2 95 68 88 91 97 70 67 88 76 
20 45 77 37 78 10 22 28 0 54 62 
21 28 92 42 60 88 53 71 3 26 41 
22 12 65 79 80 59 33 53 88 56 65 
23 43 32 35 17 23 32 45 99 93 73 
24 62 51 79 25 38 73 88 26 64 92 
25 22 35 62 25 71 35 90 76 34 21 
26 80 6 90 3 81 9 34 87 99 36 
27 5 51 87 70 97 84 67 72 64 69 
28 68 32 55 89 3 97 36 78 66 97 
29 55 60 45 38 13 73 97 92 47 82 
30 22 21 27 66 84 10 34 9 11 78 
31 85 28 31 60 81 99 40 54 12 59 
32 26 63 63 85 77 16 5 18 41 31 
33 61 68 76 48 3 18 46 20 34 16 
34 68 46 34 82 44 68 16 40 69 11 
35 11 60 16 3 2 20 18 69 69 86 
36 67 13 40 83 82 86 17 75 1 72 
37 42 9 59 45 3 42 1 3 5 74 
38 98 25 59 99 14 68 12 77 29 0 
39 22 86 35 15 41 42 12 10 2 65 
40 49 29 57 72 56 47 65 18 92 42 
41 19 76 95 24 94 19 6 67 94 48 
42 62 86 58 92 11 73 19 13 57 69 
43 33 21 90 12 11 5 19 99 3 53 
44 86 44 91 38 43 43 63 36 42 64 
45 39 73 85 79 15 49 94 46 86 44 
46 62 22 66 37 95 32 97 89 60 22 
47 45 87 83 34 16 0 16 63 27 26 
48 46 50 39 9 85 2 45 98 83 83 
49 18 67 60 31 98 6 41 22 2 22 
50 42 79 63 60 55 56 18 82 36 99 
51 25 1 12 37 11 94 8 88 74 9 
52 55 59 88 63 33 68 8 25 36 9 
53 39 50 54 39 74 80 73 13 81 25 
54 16 44 37 5 35 30 34 50 80 44 
55 44 56 18 71 91 26 53 46 16 85 
56 96 10 86 3 0 46 9 83 18 61 
57 18 47 51 29 59 78 46 25 16 79 
58 82 14 39 9 84 6 23 1 78 85 
59 23 77 37 97 13 91 4 15 41 73 
60 2 21 36 17 95 95 32 96 82 5 
61 26 35 17 56 89 6 68 45 5 16 
62 19 76 8 91 46 69 56 8 78 70 
63 21 86 9 1 3 24 50 89 3 99 
64 15 83 59 84 39 28 0 14 55 23 
65 20 48 71 56 59 18 81 78 5 96 
66 85 13 13 58 59 96 52 62 5 32 
67 37 91 84 23 7 12 22 34 59 68 
68 34 1 44 51 19 64 45 45 68 5 
69 18 14 79 45 57 22 76 63 74 53 
70 40 20 72 45 71 48 91 82 27 83 
71 31 2 63 63 86 71 99 49 45 94 
72 36 18 78 1 94 48 42 12 51 82 
73 21 59 15 52 95 95 22 42 58 78 
74 2 91 23 15 2 16 77 94 66 34 
75 83 84 84 13 30 15 55 10 31 25 
76 81 56 42 94 14 41 67 46 22 42 
77 16 96 47 81 87 39 17 61 49 26 
78 66 48 59 99 50 36 49 59 73 91 
79 32 26 66 77 80 88 40 2 30 67 
80 23 44 5 47 82 85 91 2 42 17 
81 23 22 93 63 58 59 4 66 35 21 
82 78 90 2 45 42 34 71 87 82 92 
83 71 89 53 35 90 30 14 77 76 36 
84 47 1 18 50 96 90 67 12 91 65 
85 84 69 20 19 36 44 13 99 84 86 
86 48 78 86 79 68 92 62 86 68 66 
87 65 34 38 49 82 98 11 46 59 74 
88 87 89 89 91 0 59 14 50 54 71 
89 78 25 2 29 83 35 67 82 14 76 
90 24 7 23 90 59 56 88 29 26 90 
91 81 26 8 20 1 20 10 34 89 90 
92 10 43 73 0 92 61 19 88 51 30 
93 25 40 50 26 93 65 24 38 38 65 
94 85 23 57 82 74 59 1 70 58 7 
95 28 90 65 58 89 15 85 57 58 34 
96 88 20 43 70 30 23 31 15 83 40 
97 67 69 79 84 95 19 36 37 63 42 
98 40 51 43 41 35 57 3 30 39 14 
99 42 68 18 91 4 7 3 75 5 33 
100 22 62 96 90 93 22 8 18 87 67 
101 93 17 71 9 22 99 8 68 22 49 
102 24 99 93 52 17 71 13 37 95 98 
103 92 73 63 59 47 90 27 25 91 53 
104 23 64 23 57 20 2 34 88 75 42 
105 47 60 5 53 10 77 32 49 29 1 
106 84 79 51 93 31 48 3 82 1 52 
107 48 2 72 90 75 75 75 89 90 96 
108 30 55 72 0 93 91 6 3 76 5 
109 44 84 35 83 14 79 89 64 8 94 
110 23 43 64 71 70 1 43 0 12 72 
111 83 75 71 76 92 55 58 38 67 87 
112 38 6 11 21 0 13 62 17 71 72 
113 31 71 88 40 66 70 52 82 39 7 
114 59 88 43 14 63 61 88 94 86 57 
115 63 87 3 77 41 63 82 14 17 94 
116 43 24 7 3 41 60 94 2 60 1 
117 41 87 95 23 57 95 10 93 78 34 
118 50 53 6 56 66 38 78 12 74 73 
119 18 94 78 31 96 67 50 94 32 75 
120 36 89 23 86 89 97 10 35 19 9 
121 1 5 78 70 51 50 86 92 22 83 
122 53 47 78 0 16 57 55 20 35 75 
123 77 25 93 63 85 23 61 73 8 86 
124 99 41 93 93 82 27 66 58 62 7 
125 42 8 49 4 87 94 69 32 35 69 
126 36 42 36 19 14 34 21 74 19 56 
127 66 97 31 72 55 92 30 17 99 62 
128 27 36 62 66 78 83 84 91 53 1 
129 12 33 44 41 94 63 53 3 21 91 
130 91 21 8 78 97 82 77 84 5 39 
131 75 48 53 27 0 87 46 1 50 39 
132 15 39 63 86 41 24 82 24 96 93 
133 4 14 88 89 39 47 13 72 50 96 
134 48 70 29 34 48 15 42 50 75 77 
135 12 50 44 39 55 79 57 57 40 67 
136 4 21 51 27 12 84 42 47 73 34 
137 87 40 19 89 41 2 87 61 63 84 
138 75 76 38 69 32 60 84 48 45 37 
139 56 90 5 91 0 66 13 5 41 21 
140 31 83 66 76 62 85 71 67 20 16 
141 36 27 8 65 48 38 71 76 75 45 
142 45 43 95 26 99 34 89 47 68 93 
143 76 83 85 60 26 44 9 22 56 9 
144 93 21 59 8 91 89 67 2 25 23 
145 14 2 80 88 32 71 86 71 82 6 
146 33 27 32 4 65 28 68 4 79 35 
147 12 7 95 44 62 67 59 99 34 69 
148 25 95 84 35 96 99 56 54 69 77 
149 70 24 87 64 69 28 72 76 19 28 
150 10 69 29 75 82 4 1 60 2 20 
151 33 12 77 73 90 8 91 38 97 37 
152 93 57 41 63 64 63 57 95 45 47 
153 35 72 92 75 49 56 13 17 26 60 
154 62 52 93 5 51 0 74 1 82 9 
155 1 46 66 66 75 72 82 29 50 77 
156 58 46 36 8 38 10 19 26 18 89 
157 83 21 32 98 21 54 24 37 63 78 
158 9 61 56 39 36 57 17 12 78 37 
159 43 78 21 97 99 56 11 9 36 93 
160 27 77 80 13 64 7 33 61 7 75 
161 21 83 59 10 60 10 55 2 38 61 
162 12 4 77 70 15 51 67 85 61 9 
163 34 33 45 4 51 54 22 66 26 32 
164 50 92 1 77 46 51 95 81 42 64 
165 70 81 95 22 34 21 56 17 40 81 
166 94 93 3 87 76 43 94 46 97 36 
167 43 34 39 56 86 34 32 85 80 10 
168 87 99 74 79 25 22 48 67 32 90 
169 51 41 31 14 35 89 28 29 1 40 
170 63 20 0 35 59 96 88 48 34 19 
171 20 16 84 53 72 78 84 45 59 9 
172 98 95 23 86 84 0 37 48 44 20 
173 22 68 78 59 62 34 6 64 12 25 
174 56 2 58 23 62 59 83 56 45 66 
175 86 45 16 11 76 78 49 54 61 1 
176 10 28 75 77 59 5 71 33 4 31 
177 93 87 53 89 86 47 53 48 16 32 
178 32 10 93 40 80 7 27 31 42 85 
179 71 46 72 26 35 65 6 81 82 95 
180 53 98 59 8 3 77 73 76 28 34 
181 13 46 21 68 24 27 23 79 83 76 
182 98 76 40 89 55 46 39 79 38 16 
183 24 16 84 88 67 74 32 6 97 26 
184 24 93 9 86 75 9 32 68 81 42 
185 16 25 74 20 55 28 46 3 86 47 
186 29 85 75 60 38 14 36 88 93 15 
187 21 81 54 22 33 52 44 77 15 25 
188 25 41 27 69 14 12 12 97 7 78 
189 36 45 5 65 22 56 87 11 46 70 
190 86 61 10 89 92 45 76 32 66 19 
191 20 25 33 7 7 22 10 93 88 59 
192 36 38 45 34 79 43 97 62 7 44 
193 70 52 67 99 14 66 54 73 90 58 
194 62 91 64 96 47 29 12 75 46 75 
195 37 13 99 72 62 20 51 12 13 71 
196 46 29 46 86 44 98 92 57 26 78 
197 23 15 7 27 17 61 84 22 26 68 
198 57 77 90 21 98 0 66 64 73 8 
199 57 43 87 9 5 4 12 29 16 8 
200 30 22 84 33 99 28 22 82 60 91 
201 62 25 97 28 24 78 5 57 61 70 
202 16 38 98 3 48 85 4 54 52 9 
203 67 64 56 55 76 93 20 9 68 46 
204 31 63 91 18 8 27 93 80 66 44 
205 52 95 41 50 78 5 87 12 65 64 
206 0 58 40 2 66 85 31 28 4 19 
207 58 77 20 59 82 36 83 51 64 51 
208 91 12 98 9 92 1 55 39 28 39 
209 71 50 76 39 39 64 88 13 42 12 
210 41 21 68 95 57 87 97 81 37 15 
211 82 83 98 41 23 34 33 55 65 91 
212 1 69 62 5 88 52 49 92 92 62 
213 64 11 3 81 90 56 36 14 94 6 
214 72 76 33 68 37 33 48 68 52 83 
215 86 83 5 67 47 71 27 10 97 61 
216 49 13 13 31 20 40 93 45 58 33 
217 93 48 74 97 56 30 29 46 84 33 
218 17 62 76 66 7 52 89 9 10 97 
219 55 6 62 70 34 34 75 45 56 12 
220 26 55 72 89 16 15 92 58 1 32 
221 75 28 19 44 70 24 12 33 84 28 
222 37 37 44 37 76 96 30 27 31 20 
223 4 42 82 89 41 95 58 78 99 70 
224 15 96 22 69 71 56 17 8 64 78 
225 89 18 60 28 22 57 39 44 37 34 
226 45 95 7 20 0 62 4 80 48 1 
227 80 23 33 5 24 19 69 62 40 0 
228 71 46 19 85 19 77 68 66 99 21 
229 83 59 25 71 79 24 61 63 23 10 
230 18 13 79 34 24 81 5 28 29 39 
231 11 15 17 18 54 84 5 62 63 36 
232 75 64 25 93 62 95 80 71 13 68 
233 28 31 19 13 57 89 60 33 21 23 
234 91 99 78 33 17 33 35 86 68 71 
235 41 99 57 97 14 38 38 17 12 74 
236 76 44 71 5 60 74 13 38 13 67 
237 21 84 74 33 66 34 92 88 97 77 
238 38 34 41 23 3 35 63 82 51 29 
239 93 44 38 51 34 75 65 79 31 64 
240 95 11 48 71 91 34 14 95 66 71 
241 0 60 0 48 52 72 10 82 47 91 
242 22 64 83 92 58 7 63 69 46 17 
243 68 46 85 81 75 93 38 73 39 94 
244 99 93 40 19 94 59 68 79 73 35 
245 34 18 91 30 84 28 65 81 61 95 
246 3 84 95 2 0 52 1 76 63 27 
247 0 72 55 22 66 54 43 83 3 38 
248 30 50 56 95 18 38 82 63 56 40 
249 65 77 51 15 60 75 60 56 86 61 
250 70 48 69 73 33 83 29 13 29 44 
251 9 14 83 2 38 70 79 45 36 69 
252 32 70 66 23 0 23 91 13 21 50 
253 54 36 78 59 30 38 70 28 2 28 
254 46 37 84 0 78 28 67 8 41 78 
255 55 54 32 83 56 21 36 55 25 24 
256 43 82 58 10 1 92 12 5 70 96 
257 24 79 15 2 6 90 21 20 23 23 
258 89 74 22 90 31 48 51 43 72 8 
259 77 52 21 55 73 33 29 89 22 80 
260 45 84 91 62 72 84 99 78 61 24 
261 19 9 95 77 97 81 4 93 0 42 
262 7 77 12 5 20 30 43 79 47 95 
263 76 33 39 15 99 22 40 3 61 18 
264 81 51 90 12 51 2 56 67 32 33 
265 42 88 23 71 65 59 44 26 69 30 
266 54 97 39 70 68 2 69 85 65 86 
267 70 72 3 63 4 58 69 73 52 80 
268 99 9 45 30 58 1 88 86 65 20 
269 46 24 40 57 17 90 15 45 84 61 
270 77 98 50 27 17 49 22 22 44 23 
271 12 92 93 20 42 73 69 92 9 26 
272 23 11 2 44 79 43 97 29 37 7 
273 88 8 25 50 67 39 48 20 31 63 
274 30 92 12 36 1 55 24 63 0 36 
275 37 16 29 24 22 85 64 32 8 86 
276 58 36 86 68 81 55 3 59 60 81 
277 83 55 29 91 73 10 53 93 75 66 
278 79 68 55 26 33 39 52 1 43 7 
279 28 95 6 10 81 95 64 36 45 77 
280 53 55 23 53 98 41 58 80 75 3 
281 80 28 90 1 59 26 17 63 71 19 
282 16 58 8 87 12 26 33 95 88 58 
283 66 44 62 27 90 29 48 70 43 44 
284 68 49 14 15 36 14 26 82 70 56 
285 48 19 71 50 81 90 78 7 35 23 
286 47 57 77 76 61 40 20 71 77 45 
287 49 64 0 78 13 38 38 68 39 64 
288 84 40 49 29 79 21 22 5 6 99 
289 2 14 90 76 70 25 56 91 9 47 
290 99 42 7 70 10 34 46 89 40 26 
291 98 2 82 24 1 61 1 83 19 54 
292 37 38 82 22 53 68 49 72 60 4 
293 82 9 19 10 29 56 76 19 3 80 
294 38 61 44 62 66 11 93 7 85 24 
295 72 2 15 89 51 46 24 92 27 31 
296 57 22 90 93 93 41 36 49 72 50 
297 11 3 12 85 64 43 98 91 7 76 
298 95 3 58 5 52 68 10 70 79 81 
299 99 83 62 86 49 80 29 62 59 40 
300 15 14 15 98 97 85 90 5 51 12 
301 89 90 83 20 0 92 99 18 90 94 
302 45 42 33 73 65 87 0 68 91 14 
303 46 87 89 45 97 21 51 54 98 44 
304 29 83 79 58 57 52 30 85 9 71 
305 52 98 3 88 82 11 56 46 46 74 
306 58 40 18 49 49 71 28 48 44 27 
307 77 88 43 0 76 69 40 47 29 5 
308 70 53 15 78 57 43 69 10 64 2 
309 20 59 3 61 41 46 21 13 45 63 
310 73 13 94 29 39 82 76 93 77 28 
311 52 45 42 9 27 15 59 34 2 11 
312 53 24 80 69 10 68 98 2 95 47 
313 74 38 85 27 58 27 63 10 71 16 
314 68 24 99 24 21 14 32 3 85 29 
315 98 89 54 68 48 66 91 98 42 1 
316 4 72 41 94 82 94 60 38 4 51 
317 77 8 97 74 51 93 38 94 35 19 
318 58 41 16 51 9 81 76 60 6 23 
319 11 32 48 80 66 29 82 41 32 54 
320 82 98 11 87 35 55 67 6 95 69 
321 3 56 63 86 64 3 20 35 38 9 
322 34 58 84 77 31 53 27 28 26 9 
323 54 63 57 34 81 52 7 18 79 82 
324 98 84 96 20 32 23 27 84 32 91 
325 8 88 12 60 85 89 25 29 2 92 
326 42 74 83 86 88 68 53 86 58 92 
327 72 37 20 39 71 73 17 49 32 98 
328 25 69 85 89 60 56 51 17 73 36 
329 59 35 42 23 86 9 40 96 29 55 
330 82 41 0 18 41 57 11 49 26 4 
331 55 81 83 81 34 15 18 19 29 75 
332 88 31 28 55 26 81 43 53 50 41 
333 32 6 99 72 38 75 40 23 28 74 
334 50 67 80 1 21 89 42 56 14 92 
335 47 45 18 21 39 63 13 15 47 35 
336 20 47 19 67 11 1 63 55 35 8 
337 31 51 3 26 72 26 1 56 61 83 
338 60 60 6 73 19 44 43 23 76 34 
339 65 6 90 20 69 50 8 50 5 71 
340 80 9 87 99 51 10 6 88 9 60 
341 71 48 23 15 57 5 43 89 93 78 
342 7 17 13 13 38 85 94 83 36 12 
343 99 33 0 13 24 20 79 19 35 55 
344 78 9 81 87 88 56 60 51 49 6 
345 28 22 18 89 16 74 78 61 98 42 
346 21 94 29 18 87 65 70 33 59 28 
347 89 23 4 33 58 17 31 23 52 89 
348 66 71 24 30 41 10 77 68 59 90 
349 50 52 80 70 56 70 36 1 42 70 
350 82 22 78 56 22 17 35 36 76 98 
351 84 94 94 11 46 94 95 51 44 6 
352 69 68 9 87 48 24 19 66 17 12 
353 23 47 94 57 58 83 6 8 2 61 
354 34 66 84 74 97 15 56 86 18 88 
355 45 70 96 88 0 4 83 17 67 8 
356 64 15 54 96 93 96 60 30 94 71 
357 13 57 7 26 56 1 83 95 45 30 
358 0 75 85 3 0 30 5 8 91 13 
359 62 73 50 49 6 30 96 79 28 95 
360 31 1 52 2 45 12 53 83 91 86 
361 94 63 86 1 79 81 76 29 38 21 
362 69 83 46 34 19 47 43 43 75 51 
363 82 32 65 80 25 94 53 32 70 24 
364 99 48 53 71 39 33 56 12 26 82 
365 7 45 65 44 35 26 47 96 93 48 
366 53 64 58 3 48 80 6 7 55 39 
367 48 28 21 99 61 91 81 45 87 73 
368 48 40 10 66 47 47 91 52 17 77 
369 45 73 76 45 33 31 63 34 27 71 
370 98 89 6 63 6 12 54 8 10 49 
371 56 34 83 80 49 86 2 21 24 82 
372 83 57 14 59 38 63 99 3 3 62 
373 82 28 12 49 4 65 41 86 29 88 
374 19 66 59 68 70 1 11 87 72 69 
375 85 51 31 98 44 32 24 57 86 77 
376 28 43 93 68 47 56 86 35 84 74 
377 77 17 52 60 37 79 91 28 53 3 
378 51 32 71 91 86 49 76 66 38 76 
379 76 72 34 46 79 66 8 57 73 39 
380 93 59 86 21 37 30 73 40 92 9 
381 54 49 20 62 25 1 76 20 9 15 
382 67 11 60 8 53 98 17 78 87 73 
383 60 43 66 43 37 54 26 21 99 17 
384 90 47 90 21 11 14 67 47 32 43 
385 7 21 57 23 7 5 21 16 46 8 
386 24 63 91 41 1 86 5 6 18 16 
387 88 48 73 75 66 67 79 21 61 60 
388 56 5 59 3 70 84 28 11 77 75 
389 2 44 18 96 19 67 98 73 30 27 
390 6 72 59 95 33 76 12 79 98 18 
391 84 1 50 55 16 97 87 37 51 78 
392 98 40 50 54 87 48 11 47 67 48 
393 8 76 30 20 76 96 61 95 59 69 
394 26 22 23 64 55 97 26 22 44 35 
395 76 22 28 67 76 58 97 2 75 11 
396 14 74 4 97 86 1 84 46 23 67 
397 92 97 76 16 79 78 15 90 29 12 
398 97 69 88 55 15 67 38 56 73 46 
399 68 18 85 8 70 14 90 59 66 76 
400 85 49 29 71 16 29 95 67 9 54 
401 30 86 54 40 10 26 78 13 80 64 
402 90 45 88 92 26 65 56 3 9 81 
403 90 16 16 92 13 84 30 60 59 60 
404 55 98 92 72 10 55 82 45 7 64 
405 45 83 78 39 82 92 58 82 76 52 
406 33 59 32 29 56 33 20 38 57 87 
407 39 43 3 90 40 23 46 27 85 26 
408 88 73 37 91 19 4 3 76 32 55 
409 1 69 68 99 13 7 81 72 15 26 
410 22 55 80 9 46 17 29 65 30 12 
411 46 43 54 15 20 85 15 26 89 31 
412 42 35 67 74 43 38 0 78 70 28 
413 29 17 5 90 5 79 8 96 7 11 
414 18 5 5 42 65 23 55 14 88 32 
415 15 81 14 66 3 40 37 95 70 66 
416 40 46 50 97 70 20 82 8 17 98 
417 50 57 14 74 43 61 25 53 97 0 
418 10 56 74 79 45 81 32 81 20 92 
419 78 95 75 61 67 72 69 16 91 47 
420 72 84 31 48 81 64 91 42 1 20 
421 26 25 79 38 32 43 3 4 75 2 
422 10 57 60 58 63 66 23 89 74 91 
423 89 50 11 10 49 6 32 27 53 92 
424 34 28 55 12 10 96 40 58 24 18 
425 10 20 16 31 92 73 64 12 62 83 
426 72 29 80 68 68 83 64 76 67 18 
427 82 14 37 7 22 37 34 47 19 8 
428 47 28 47 33 30 26 67 97 5 72 
429 53 4 12 89 42 17 20 72 1 15 
430 74 70 5 14 19 42 30 55 40 26 
431 7 46 50 30 58 59 32 57 84 51 
432 52 78 27 83 22 71 69 13 10 0 
433 43 62 57 91 30 95 31 76 4 8 
434 68 66 83 82 11 75 69 24 22 21 
435 91 85 3 17 44 0 86 84 96 71 
436 56 51 34 36 43 24 77 57 92 43 
437 70 83 14 14 75 34 79 11 78 46 
438 19 49 13 53 99 70 56 51 76 40 
439 40 38 4 99 83 79 14 25 43 68 
440 25 67 79 16 21 52 88 12 74 3 
441 36 84 28 82 85 69 12 72 48 16 
442 79 94 92 27 12 70 24 10 64 55 
443 35 96 55 65 76 95 90 8 33 98 
444 51 11 28 50 77 35 55 51 85 52 
445 63 19 72 11 24 47 34 20 88 61 
446 82 82 74 5 78 41 36 20 10 79 
447 74 35 36 18 97 36 10 65 48 13 
448 0 25 6 40 87 58 52 46 99 62 
449 64 20 40 81 91 60 58 26 63 44 
450 50 41 15 98 23 29 47 86 59 32 
451 67 37 39 36 75 35 72 48 5 96 
452 2 28 74 51 61 69 94 91 31 4 
453 85 65 73 73 73 33 45 43 46 56 
454 75 7 96 34 23 48 1 13 95 97 
455 18 42 77 13 65 38 59 70 39 59 
456 0 25 63 32 22 96 76 11 34 13 
457 23 86 64 34 60 84 8 18 37 96 
458 79 28 11 90 26 97 78 45 64 14 
459 91 29 42 19 16 9 96 5 94 40 
460 98 51 1 32 84 99 29 31 85 94 
461 5 89 34 77 13 46 90 58 51 52 
462 61 40 61 23 65 78 92 77 80 5 
463 81 92 40 60 65 34 44 91 90 83 
464 20 79 80 49 86 14 95 48 9 57 
465 51 87 54 26 37 71 53 55 36 30 
466 14 36 64 7 41 32 58 76 43 45 
467 68 84 7 34 70 42 52 20 9 70 
468 31 17 35 30 66 93 20 95 54 21 
469 51 14 90 17 51 21 14 84 24 63 
470 67 99 69 74 19 46 12 58 99 50 
471 52 78 3 84 93 42 11 32 21 21 
472 55 41 37 56 84 4 95 2 8 92 
473 63 45 82 1 76 93 60 56 69 96 
474 49 97 31 10 10 26 8 97 15 12 
475 28 4 14 3 23 95 27 30 91 87 
476 78 19 8 55 81 4 53 14 38 99 
477 97 39 8 32 30 33 9 4 56 21 
478 31 40 77 0 57 18 28 61 5 35 
479 48 42 47 54 82 46 8 72 5 7 
480 64 32 52 21 73 61 50 15 90 2 
481 46 20 95 65 81 93 81 91 72 57 
482 20 62 84 0 74 45 73 12 59 72 
483 19 41 87 3 47 89 56 36 97 52 
484 45 95 77 52 94 10 63 6 17 45 
485 31 7 65 68 65 62 20 26 62 3 
486 82 81 23 89 23 15 25 7 25 14 
487 26 12 44 16 77 87 10 72 60 57 
488 3 1 14 15 47 12 67 54 21 60 
489 24 82 80 14 26 49 28 1 91 55 
490 32 59 66 23 49 52 39 47 33 87 
491 51 29 77 99 56 69 0 95 76 10 
492 45 97 31 61 10 64 79 91 26 44 
493 76 61 52 10 95 49 2 52 77 35 
494 16 66 28 7 48 2 18 73 70 61 
495 58 56 96 46 83 31 48 62 14 78 
496 9 57 8 1 10 80 36 18 73 19 
497 10 3 27 94 59 5 28 66 59 43 
498 62 25 25 90 49 6 73 6 22 13 
499 8 9 8 39 7 3 87 21 17 22 
500 6 14 7 19 86 98 29 4 65 8 
501 31 47 0 76 95 35 85 34 56 77 
502 48 97 12 82 56 83 90 75 80 59 
503 87 57 83 89 74 99 5 43 61 52 
504 79 28 82 37 24 45 38 51 16 77 
505 17 84 25 65 26 60 25 4 4 42 
506 44 97 65 80 19 19 74 75 75 36 
507 28 94 21 21 53 41 98 5 29 61 
508 62 72 99 19 11 13 27 3 51 76 
509 54 42 50 41 20 13 33 73 68 95 
510 13 58 44 40 52 72 83 12 69 99 
511 93 59 11 82 10 18 12 43 33 7 
512 14 28 38 32 57 76 62 82 14 38 
513 74 23 87 64 71 36 0 25 0 8 
514 42 48 97 32 18 92 18 6 57 60 
515 83 32 89 14 90 49 10 89 49 41 
516 90 31 43 71 17 52 13 56 93 42 
517 1 11 69 43 85 0 13 46 84 49 
518 93 51 82 2 62 14 98 79 41 44 
519 81 44 89 55 16 68 11 19 20 42 
520 35 18 73 47 94 21 49 88 58 75 
521 67 36 54 70 24 41 15 95 80 60 
522 2 47 72 45 74 7 99 24 28 47 
523 54 0 25 63 96 94 77 86 58 10 
524 22 40 19 36 26 45 72 73 72 18 
525 50 7 96 40 12 62 50 39 59 64 
526 17 84 22 40 41 18 51 11 65 89 
527 91 87 5 20 21 63 50 85 74 54 
528 91 31 51 55 81 43 4 14 54 62 
529 88 97 78 89 9 29 57 78 9 5 
530 27 51 73 35 50 88 80 19 54 66 
531 19 73 35 77 52 54 35 81 29 17 
532 27 76 79 13 31 27 74 7 86 60 
533 70 2 83 35 6 39 99 7 32 50 
534 50 39 10 80 31 84 16 35 23 90 
535 78 19 48 74 47 54 80 70 61 10 
536 11 43 31 5 41 46 40 13 30 30 
537 78 22 38 33 92 97 84 77 71 10 
538 92 73 87 36 64 36 4 39 21 65 
539 55 6 86 92 78 70 93 91 99 71 
540 28 69 77 81 37 79 23 74 30 0 
541 70 43 16 14 40 48 58 69 58 39 
542 65 32 18 95 65 34 2 69 55 59 
543 21 59 76 23 81 89 52 86 73 29 
544 77 24 95 14 49 35 94 35 19 70 
545 10 8 77 0 60 45 42 82 76 86 
546 90 42 20 23 32 53 7 89 43 33 
547 89 76 0 10 25 47 37 29 56 73 
548 3 59 24 49 77 37 1 88 10 44 
549 46 57 87 3 59 42 87 6 34 9 
550 22 45 64 33 49 73 29 54 6 35 
551 75 42 70 47 90 78 5 18 72 88 
552 36 47 79 66 18 82 7 23 36 23 
553 30 25 89 18 1 11 38 90 9 59 
554 41 63 9 82 52 70 62 95 16 92 
555 81 10 55 80 39 14 43 97 15 44 
556 76 35 99 25 59 87 48 26 88 61 
557 92 70 77 29 1 38 12 53 55 84 
558 24 18 16 80 2 54 19 47 73 65 
559 11 12 43 95 2 85 74 28 66 86 
560 55 73 66 12 36 26 64 48 56 80 
561 10 73 27 25 78 27 23 2 38 98 
562 74 85 68 35 40 50 94 61 88 63 
563 26 70 98 74 20 87 60 86 96 86 
564 54 90 29 46 42 85 42 12 24 51 
565 13 80 32 23 37 17 77 1 28 89 
566 82 45 44 57 47 69 61 85 46 48 
567 68 90 51 48 14 63 41 45 64 61 
568 21 18 18 55 84 23 78 30 96 8 
569 82 58 51 13 48 52 68 86 33 40 
570 6 93 32 66 90 77 25 69 79 22 
571 45 64 0 75 59 33 22 2 67 78 
572 46 22 31 70 81 1 43 64 94 76 
573 5 42 44 40 52 48 21 54 81 58 
574 70 11 28 48 12 53 36 76 25 52 
575 89 97 75 16 76 74 42 25 80 33 
576 33 16 4 89 47 18 69 74 30 83 
577 34 39 8 45 37 64 48 40 75 26 
578 23 4 7 24 71 21 15 75 23 6 
579 55 31 25 74 58 99 89 30 67 43 
580 70 91 92 73 46 99 41 38 1 49 
581 66 6 34 62 61 89 90 62 7 51 
582 68 40 9 63 81 37 52 71 64 17 
583 44 23 1 95 32 63 84 22 50 57 
584 35 48 60 92 95 76 40 93 91 82 
585 4 72 41 94 57 99 19 21 33 53 
586 53 31 42 14 83 2 85 0 14 69 
587 23 5 14 65 34 71 98 64 7 37 
588 39 54 55 80 58 45 32 40 85 67 
589 13 9 24 27 16 12 48 12 47 58 
590 11 5 61 2 9 82 63 49 19 86 
591 38 15 98 70 2 9 54 76 40 91 
592 4 35 92 51 28 70 95 81 95 15 
593 74 56 72 66 46 32 25 42 47 81 
594 53 11 86 93 4 81 52 70 86 12 
595 35 82 63 80 7 75 7 31 90 17 
596 29 89 87 29 45 95 69 11 71 75 
597 50 35 86 14 18 97 28 63 34 23 
598 62 16 12 47 92 43 81 57 87 59 
599 89 16 58 6 66 31 34 13 99 55 
600 93 37 29 64 52 80 10 25 48 50 
601 10 44 78 97 84 85 21 95 39 25 
602 81 69 56 70 58 27 49 97 59 43 
603 50 13 71 78 71 34 8 29 51 0 
604 74 95 3 93 50 31 34 92 16 25 
605 96 87 21 58 72 7 41 72 74 75 
606 96 54 84 63 59 63 89 62 30 60 
607 40 82 87 49 30 10 45 5 62 31 
608 79 17 96 99 27 93 56 52 58 80 
609 72 65 40 17 5 50 43 23 57 80 
610 81 78 89 63 7 82 34 87 85 47 
611 13 64 50 10 79 70 70 15 76 27 
612 95 19 36 47 4 49 91 23 49 75 
613 49 69 42 94 86 67 86 54 55 60 
614 44 59 6 86 7 0 46 54 43 40 
615 45 58 42 15 84 53 92 69 8 20 
616 71 62 61 59 50 61 0 14 83 18 
617 29 53 51 46 41 57 61 77 60 89 
618 58 91 18 63 24 45 34 96 24 74 
619 60 87 38 50 51 96 91 39 42 28 
620 92 86 85 2 85 63 30 33 27 50 
621 45 93 47 97 63 0 68 84 30 34 
622 40 32 93 98 17 27 45 6 42 27 
623 37 61 43 89 46 28 16 28 94 75 
624 58 22 86 72 94 29 93 87 44 94 
625 7 80 67 22 41 27 82 10 55 67 
626 62 33 20 1 69 52 32 29 62 5 
627 36 69 42 86 62 8 3 0 67 10 
628 50 91 33 27 86 93 40 13 3 3 
629 27 5 69 6 71 64 41 90 24 90 
630 64 35 65 8 38 25 17 3 33 94 
631 53 88 91 56 36 81 97 36 8 28 
632 25 1 67 94 93 70 14 2 33 76 
633 97 12 50 94 39 76 8 81 51 4 
634 93 2 63 69 11 89 5 68 20 84 
635 75 75 60 57 6 93 91 52 86 32 
636 19 37 19 9 64 1 28 98 14 82 
637 65 11 83 60 26 69 86 45 91 26 
638 95 9 48 24 24 46 77 38 3 89 
639 34 0 12 62 23 79 42 17 44 88 
640 93 53 83 36 51 41 78 4 64 77 
641 6 45 82 58 80 46 4 37 67 53 
642 89 61 50 56 64 95 36 1 67 5 
643 9 0 81 6 59 11 1 25 97 86 
644 96 88 22 96 24 83 34 5 22 21 
645 28 42 28 83 75 78 91 3 10 3 
646 12 10 29 84 86 76 43 44 56 35 
647 81 95 35 43 44 30 90 81 18 37 
648 36 79 73 89 21 15 20 80 85 78 
649 30 64 5 11 84 90 52 92 78 99 
650 61 0 97 43 5 61 99 17 64 52 
651 84 7 75 83 76 30 21 90 13 5 
652 33 37 39 42 22 65 32 65 26 37 
653 36 84 76 23 29 74 34 55 48 8 
654 86 39 33 77 39 64 7 17 33 16 
655 27 96 69 52 41 48 31 68 11 56 
656 89 20 50 91 53 13 6 96 18 93 
657 74 3 11 59 40 12 59 43 98 82 
658 52 36 45 63 87 87 72 38 47 87 
659 36 45 97 73 15 28 28 90 31 54 
660 56 66 93 18 89 67 57 41 45 95 
661 4 42 89 43 27 13 55 96 25 20 
662 12 2 0 75 38 19 88 52 20 77 
663 57 50 85 59 13 17 14 28 53 26 
664 35 57 49 91 75 96 13 86 47 26 
665 23 82 80 31 74 90 40 38 51 33 
666 7 6 10 62 78 11 39 13 39 82 
667 3 92 6 20 45 79 63 64 20 22 
668 70 11 87 97 32 63 74 34 62 36 
669 86 61 83 18 64 60 8 55 2 36 
670 68 72 63 68 74 69 37 32 25 58 
671 11 93 99 12 91 83 63 1 96 15 
672 5 38 65 38 97 25 38 82 58 10 
673 63 63 92 19 34 9 54 8 64 32 
674 85 28 27 35 83 44 81 77 91 83 
675 77 73 5 99 22 50 16 82 61 62 
676 75 57 8 22 21 82 59 6 68 36 
677 22 33 55 31 19 84 38 83 57 32 
678 22 21 36 85 66 60 91 31 98 50 
679 40 6 42 64 23 22 85 62 94 17 
680 6 73 8 17 66 33 51 9 84 59 
681 50 78 9 72 2 53 64 88 28 67 
682 45 65 27 81 16 26 52 89 1 34 
683 76 29 93 1 76 39 4 6 95 76 
684 12 30 83 1 32 96 13 82 11 41 
685 51 53 90 2 55 19 89 59 65 29 
686 41 47 16 62 61 85 45 38 3 97 
687 8 18 48 72 79 31 87 96 55 77 
688 86 99 78 41 77 77 63 52 89 72 
689 32 64 25 88 70 4 42 88 92 40 
690 88 91 53 36 86 58 51 18 22 81 
691 92 72 74 35 48 26 74 83 39 80 
692 11 97 81 68 96 22 42 39 71 92 
693 91 80 70 83 70 92 95 47 9 88 
694 40 34 30 36 31 45 70 54 1 48 
695 47 99 25 57 34 28 19 21 13 51 
696 22 5 9 14 79 42 84 16 43 24 
697 25 55 98 48 91 70 13 48 71 88 
698 97 79 0 37 1 65 13 12 74 92 
699 6 24 1 28 11 78 97 76 90 71 
700 33 65 29 14 4 18 71 5 79 89 
701 15 5 92 89 49 58 12 25 61 7 
702 33 23 26 6 57 81 88 56 29 68 
703 0 16 11 69 51 73 22 85 44 40 
704 95 68 54 31 28 29 27 54 34 64 
705 55 47 48 40 19 13 2 43 56 17 
706 63 7 3 13 51 25 78 92 64 29 
707 32 73 27 75 41 7 5 60 12 85 
708 83 34 30 15 63 41 79 57 55 86 
709 99 75 75 92 29 21 38 48 27 79 
710 1 33 34 67 44 29 19 57 45 18 
711 94 76 74 12 18 43 37 34 78 83 
712 6 4 58 63 29 60 93 96 56 75 
713 45 22 87 93 59 82 86 68 28 90 
714 51 10 73 85 92 98 75 48 87 32 
715 95 37 77 83 36 97 4 22 48 30 
716 25 2 68 29 96 79 62 46 28 57 
717 37 92 82 16 60 2 61 47 26 24 
718 81 90 94 97 97 95 33 38 5 31 
719 64 11 36 80 0 20 57 96 43 87 
720 52 47 5 36 51 30 43 13 73 8 
721 50 84 39 73 11 69 30 77 74 0 
722 52 14 52 27 50 53 38 0 49 95 
723 78 61 4 18 92 7 22 77 94 76 
724 92 21 92 56 69 13 98 63 7 16 
725 14 9 53 72 37 34 31 55 69 19 
726 74 66 92 96 37 40 83 76 47 32 
727 89 73 14 44 54 85 30 89 48 86 
728 70 61 1 44 72 13 85 48 47 7 
729 49 82 86 37 84 44 7 71 57 26 
730 29 5 21 94 74 0 38 61 71 86 
731 37 77 89 84 16 28 52 16 78 89 
732 66 96 23 70 90 49 99 66 38 95 
733 90 91 62 80 26 22 13 99 40 29 
734 24 59 79 42 41 12 62 71 98 38 
735 8 10 28 23 66 17 82 78 95 44 
736 25 85 51 86 20 18 82 73 71 6 
737 78 78 9 9 72 52 74 66 7 96 
738 62 10 10 89 44 87 50 37 74 43 
739 6 35 34 72 71 11 4 51 83 63 
740 92 16 74 47 34 40 23 7 68 21 
741 11 43 20 33 64 11 59 6 4 96 
742 66 5 12 92 63 14 78 45 93 54 
743 0 40 23 74 72 91 91 67 85 79 
744 79 78 67 32 64 54 98 57 89 24 
745 23 72 9 63 71 97 53 20 56 50 
746 29 39 46 84 18 55 10 16 91 42 
747 53 0 26 29 58 35 74 22 49 5 
748 54 10 59 28 76 90 53 4 7 28 
749 90 41 99 32 15 75 27 56 26 41 
750 35 62 71 38 2 21 65 4 49 97 
751 63 69 42 24 65 40 95 37 38 91 
752 7 66 23 42 78 58 78 25 43 28 
753 15 34 75 27 23 57 71 94 95 75 
754 10 78 71 92 44 45 79 36 42 57 
755 84 44 63 18 60 98 99 56 16 42 
756 58 20 70 79 83 12 42 89 97 45 
757 16 64 97 5 42 17 89 50 80 24 
758 85 14 97 74 60 91 68 31 10 68 
759 27 39 35 64 42 76 82 34 71 31 
760 47 26 60 39 34 92 94 54 77 66 
761 29 96 39 43 24 29 51 85 7 86 
762 46 78 46 54 76 19 79 9 54 16 
763 62 45 27 16 52 81 68 60 86 78 
764 40 50 24 24 78 56 26 85 57 57 
765 1 83 97 47 57 64 15 69 57 74 
766 93 91 84 25 11 16 47 88 65 72 
767 27 61 18 14 88 32 60 71 6 22 
768 41 87 67 63 37 71 25 42 93 56 
769 13 19 20 63 12 65 44 86 57 5 
770 75 29 0 43 50 25 6 56 94 45 
771 80 16 29 10 52 12 63 25 53 90 
772 18 42 46 72 71 43 34 91 6 40 
773 27 97 39 42 65 96 14 75 20 84 
774 11 45 44 75 55 91 28 68 55 54 
775 93 50 2 83 49 45 37 84 19 61 
776 81 53 96 74 13 61 66 56 24 85 
777 76 21 97 77 71 39 53 13 0 49 
778 49 45 10 89 28 24 76 67 96 13 
779 78 33 56 23 28 62 8 43 52 60 
780 97 27 74 81 22 89 76 16 28 53 
781 27 57 32 95 11 42 14 0 45 44 
782 78 30 31 62 20 3 52 4 58 87 
783 22 42 53 32 44 33 75 34 24 78 
784 23 78 5 75 46 3 12 79 14 8 
785 0 2 32 45 83 35 1 72 23 91 
786 45 65 17 3 47 57 12 94 0 40 
787 85 98 84 45 51 3 85 14 13 99 
788 21 64 79 83 30 72 45 10 95 67 
789 25 97 6 91 87 75 8 14 98 26 
790 61 78 14 42 89 2 79 20 94 12 
791 23 2 95 7 52 9 60 99 73 70 
792 2 47 71 45 33 50 34 59 65 6 
793 16 47 6 89 4 16 91 20 36 92 
794 77 84 61 84 67 6 79 50 97 91 
795 71 67 58 97 31 39 70 5 66 17 
796 48 93 76 52 38 56 65 86 78 63 
797 87 66 17 31 92 77 39 48 50 96 
798 74 52 52 53 34 24 76 67 44 22 
799 33 79 93 28 50 85 14 72 15 54 
800 6 17 2 34 24 56 59 77 81 14 
801 19 50 3 57 75 12 39 93 35 65 
802 41 77 73 8 42 19 68 73 42 0 
803 21 50 3 91 72 76 56 40 50 44 
804 66 7 97 96 56 94 9 25 85 60 
805 66 85 63 87 26 31 1 33 60 62 
806 86 13 88 76 64 56 54 85 26 34 
807 97 6 38 56 93 70 53 21 69 6 
808 56 4 88 27 67 8 14 42 84 91 
809 13 43 58 23 6 59 90 34 62 67 
810 34 67 45 24 76 13 10 20 70 72 
811 47 68 68 30 13 8 61 71 71 32 
812 69 8 12 56 61 17 7 31 53 41 
813 10 47 32 38 49 20 98 85 44 46 
814 2 51 47 91 76 65 54 26 40 13 
815 8 61 77 21 99 25 85 87 65 19 
816 57 18 38 33 91 56 77 87 90 41 
817 23 96 62 75 54 20 37 94 78 62 
818 90 81 82 17 59 94 17 90 36 38 
819 70 85 78 29 44 46 72 37 6 82 
820 73 36 32 66 86 63 59 65 47 92 
821 18 13 41 92 92 56 77 78 99 72 
822 75 42 21 20 95 25 58 24 19 4 
823 27 91 75 87 22 68 62 80 2 68 
824 70 92 32 25 86 74 50 34 89 13 
825 43 73 49 51 95 53 57 87 40 21 
826 64 86 72 36 24 29 2 67 98 62 
827 32 3 6 18 78 92 97 26 48 71 
828 92 4 36 46 28 84 82 38 52 50 
829 72 3 59 54 58 72 51 27 74 69 
830 85 16 12 12 90 85 36 56 69 56 
831 87 19 54 7 66 28 30 41 16 0 
832 32 39 68 92 8 21 8 14 26 65 
833 76 35 72 63 14 2 99 61 84 79 
834 84 81 82 30 79 69 82 1 96 59 
835 9 27 57 5 72 87 34 2 22 84 
836 19 22 0 42 59 58 22 9 74 11 
837 28 0 76 21 21 57 70 31 55 31 
838 86 50 52 7 86 89 50 68 82 94 
839 49 97 39 30 68 76 98 34 33 37 
840 29 55 35 11 66 7 77 78 41 20 
841 57 0 80 65 77 29 21 87 36 2 
842 84 61 48 1 98 83 98 15 65 31 
843 54 57 44 1 34 16 94 76 97 78 
844 2 57 21 6 10 64 0 75 60 90 
845 89 3 88 10 55 12 75 94 70 78 
846 84 28 70 3 77 15 48 38 20 4 
847 6 6 2 54 70 27 63 49 10 67 
848 76 42 62 66 34 90 18 10 24 70 
849 22 68 34 45 12 79 78 24 61 47 
850 91 10 42 5 29 78 28 61 44 26 
851 46 19 73 81 38 3 41 88 98 75 
852 95 40 24 7 80 11 88 47 76 42 
853 53 31 40 18 19 22 70 54 76 51 
854 81 75 52 81 98 32 61 42 22 69 
855 66 83 13 27 71 30 78 26 50 76 
856 99 9 1 56 56 97 32 35 51 97 
857 56 89 50 53 88 36 29 82 67 59 
858 73 32 3 46 74 41 24 21 96 1 
859 31 94 79 87 4 39 41 19 86 87 
860 66 16 79 51 51 56 27 96 84 37 
861 93 79 42 58 71 41 37 82 34 80 
862 93 85 74 1 84 97 95 48 55 63 
863 96 53 48 6 6 29 35 87 81 40 
864 16 97 98 76 33 63 8 42 72 12 
865 13 55 51 1 32 58 17 50 96 31 
866 12 86 58 75 97 56 35 95 8 90 
867 44 50 81 19 6 39 33 38 66 22 
868 81 12 41 78 96 14 3 91 87 79 
869 65 21 10 47 45 60 85 77 89 73 
870 92 82 22 1 70 83 66 9 20 15 
871 71 90 1 56 19 97 17 28 1 30 
872 6 47 82 28 2 19 39 80 51 38 
873 84 99 68 23 30 69 49 92 93 4 
874 20 67 97 48 12 76 46 72 82 22 
875 46 65 54 0 89 82 24 41 39 39 
876 76 67 1 30 63 45 29 30 48 43 
877 59 98 50 42 32 70 22 28 83 84 
878 82 48 36 90 15 78 92 29 4 34 
879 82 9 37 79 15 32 99 19 25 92 
880 36 51 1 73 41 27 34 91 82 55 
881 84 91 63 36 85 59 8 46 23 27 
882 18 54 90 59 20 15 27 90 42 61 
883 68 28 85 29 14 99 87 83 13 46 
884 10 61 31 70 87 83 16 98 59 28 
885 76 87 97 32 90 23 9 74 99 73 
886 53 92 22 44 3 76 90 91 90 78 
887 21 5 28 39 72 46 71 32 30 26 
888 58 31 41 64 59 73 90 2 30 45 
889 93 95 72 40 26 9 1 49 50 16 
890 47 23 56 99 93 41 9 25 19 65 
891 38 99 38 96 1 68 42 92 79 97 
892 41 7 61 90 63 40 64 96 96 96 
893 41 24 38 98 92 96 0 74 12 33 
894 19 2 32 69 62 78 69 54 35 42 
895 20 38 71 97 17 4 78 68 0 39 
896 37 88 39 42 63 96 16 92 15 71 
897 77 5 82 44 81 88 68 98 84 94 
898 49 50 21 90 88 75 71 67 16 42 
899 75 8 77 90 81 18 10 49 61 51 
900 36 87 90 96 69 91 63 8 94 95 
901 14 8 82 17 71 82 92 60 26 90 
902 34 52 8 33 43 53 33 48 18 60 
903 33 69 69 3 73 44 32 90 40 9 
904 49 70 56 32 48 87 1 45 91 93 
905 51 69 76 62 31 84 94 54 21 40 
906 13 10 59 74 20 54 73 0 71 57 
907 80 43 13 43 32 18 52 39 55 70 
908 56 73 5 12 70 45 85 24 93 28 
909 37 54 9 50 0 62 65 5 63 64 
910 42 54 98 90 66 61 64 66 50 33 
911 22 19 4 25 8 47 64 80 24 16 
912 41 68 60 35 38 41 2 90 86 72 
913 46 88 53 10 86 31 28 61 0 60 
914 18 67 1 51 80 28 81 78 25 89 
915 47 58 6 21 70 37 86 19 88 84 
916 66 98 86 36 99 36 48 8 18 38 
917 47 33 84 42 36 90 1 87 98 65 
918 79 61 63 45 96 60 39 1 92 23 
919 22 1 88 16 43 56 61 10 1 70 
920 29 9 41 63 63 73 83 60 58 29 
921 1 12 96 2 62 37 55 17 68 84 
922 47 69 53 98 45 49 38 80 75 88 
923 72 26 21 17 82 84 92 10 79 49 
924 74 75 26 75 5 52 7 94 58 79 
925 88 20 32 15 68 29 61 46 50 85 
926 61 31 97 50 26 27 63 70 91 81 
927 99 13 8 69 0 22 53 27 79 40 
928 91 23 87 67 43 22 35 84 32 78 
929 59 33 59 11 97 52 76 99 39 19 
930 36 19 4 40 25 74 47 42 10 49 
931 32 35 4 84 86 23 32 97 3 14 
932 89 74 2 1 64 3 31 7 42 44 
933 58 73 23 0 93 46 25 51 87 1 
934 94 17 1 67 86 91 64 42 70 81 
935 27 70 1 53 78 82 89 24 39 50 
936 66 34 64 58 63 71 46 19 80 79 
937 1 16 46 33 95 61 28 91 29 23 
938 83 29 43 74 9 92 84 50 35 33 
939 38 91 22 99 98 17 93 21 23 76 
940 25 99 96 88 26 78 76 35 60 25 
941 18 49 13 99 99 73 51 27 38 31 
942 87 27 58 97 23 88 60 37 34 13 
943 25 99 42 6 76 31 14 35 7 10 
944 12 61 94 18 25 23 20 51 71 81 
945 62 63 20 14 74 40 21 16 76 60 
946 23 84 35 70 41 21 6 75 42 64 
947 4 39 53 50 85 77 35 79 9 88 
948 19 3 31 68 93 73 3 88 31 81 
949 40 73 91 77 9 3 71 88 45 35 
950 29 67 92 40 51 73 43 90 14 76 
951 83 64 45 32 22 17 17 56 43 41 
952 46 7 67 48 49 13 56 12 84 6 
953 81 39 16 50 38 31 50 33 53 33 
954 20 40 65 59 71 65 2 29 25 60 
955 1 99 91 43 6 69 64 47 87 7 
956 3 35 30 62 95 93 58 59 57 23 
957 90 34 27 99 95 85 19 90 67 6 
958 5 53 65 94 60 29 27 72 89 49 
959 30 2 54 93 69 34 78 21 77 39 
960 90 62 59 37 0 21 21 86 81 18 
961 10 35 93 42 0 59 85 92 5 10 
962 32 88 58 72 31 17 37 62 29 29 
963 65 21 27 59 94 35 19 84 40 71 
964 23 81 14 80 80 12 49 88 68 88 
965 65 45 49 82 86 24 31 6 35 38 
966 67 87 5 84 25 77 89 98 55 7 
967 87 14 43 76 63 57 48 86 97 78 
968 47 95 37 62 87 51 42 4 58 14 
969 90 34 66 4 22 4 72 41 36 19 
970 98 80 14 24 79 51 97 30 91 29 
971 78 58 96 47 72 58 80 55 66 15 
972 47 85 58 74 12 98 90 93 27 31 
973 50 71 54 36 50 74 69 13 89 48 
974 30 77 70 86 93 36 86 79 10 32 
975 75 97 8 88 91 95 54 97 88 27 
976 88 50 43 72 20 14 34 34 22 59 
977 2 5 1 45 61 24 18 79 88 54 
978 50 57 32 22 51 19 2 51 19 65 
979 81 50 85 27 91 60 44 27 18 10 
980 17 12 64 78 27 49 49 26 89 47 
981 17 28 60 16 78 94 21 57 98 11 
982 29 40 72 34 55 49 95 21 62 62 
983 31 5 4 17 64 63 22 19 48 86 
984 61 41 5 96 83 29 63 82 38 47 
985 47 60 18 73 45 19 2 89 17 89 
986 25 16 48 54 33 10 17 37 12 20 
987 14 27 21 81 81 29 17 34 18 20 
988 54 52 82 64 76 14 96 46 34 82 
989 52 14 11 56 21 59 93 18 68 54 
990 18 95 81 1 30 78 32 57 12 64 
991 84 9 25 61 94 41 80 28 34 17 
992 30 53 17 98 78 91 47 19 8 57 
993 87 92 40 58 95 31 52 69 42 51 
994 41 2 15 18 78 53 67 21 29 82 
995 74 37 72 14 94 52 75 5 1 34 
996 74 5 12 5 70 65 79 3 87 13 
997 23 67 92 33 42 41 42 65 86 54 
998 70 52 80 43 10 40 26 8 70 21 
999 3 68 55 91 70 99 15 81 70 68 
1000 34 95 16 77 77 20 5 12 17 93 
